joy_node:
  deadzone: 0.1
  autorepeat_rate: 5
  joy_dev: /dev/input/js0

joy2cmd_vel:
  MAX_LIN_VEL: 5.6 #4.916592502868
  MAX_ANG_VEL: 1.570796326 #4.71238898
  PUB_HZ: 40
