image: 16w_office.pgm
resolution: 0.050000
origin: [-17.700000, -11.300000, 0.000000]
negate: 0
occupied_thresh: 0.65
free_thresh: 0.196

