image: tri_90deg_3m_zz.pgm
resolution: 0.050000
origin: [-12.900000, -27.300000, 0.000000]
negate: 0
occupied_thresh: 0.65
free_thresh: 0.196

